3 0.202750 0.459742 0.015500 0.022594
3 0.206625 0.487824 0.016354 0.019367
3 0.206620 0.513004 0.014635 0.021945
3 0.208344 0.539797 0.018083 0.022594
3 0.207911 0.566590 0.017219 0.023242
3 0.209203 0.593059 0.019802 0.021945
1 0.614198 0.434891 0.091250 0.025828
1 0.609896 0.464910 0.092958 0.025180
1 0.617641 0.493641 0.080906 0.024531
1 0.623234 0.521715 0.083490 0.023898
1 0.622807 0.550105 0.084365 0.025211
0 0.309917 0.646645 0.152354 0.029695
3 0.213073 0.647930 0.018937 0.024531
1 0.630557 0.635344 0.082635 0.025172
1 0.622375 0.606293 0.093833 0.027758
