3 0.158197 0.454965 0.034431 0.016785
3 0.159345 0.477561 0.027543 0.020659
3 0.160493 0.497897 0.025247 0.017429
3 0.159345 0.519846 0.027543 0.017432
3 0.157049 0.541796 0.020660 0.020012
3 0.153607 0.562455 0.020660 0.018723
3 0.154753 0.583759 0.027543 0.018723
3 0.151311 0.606031 0.020660 0.019368
3 0.149015 0.628627 0.025252 0.020657
0 0.361912 0.456902 0.285777 0.023242
0 0.305677 0.479175 0.171007 0.017432
0 0.325187 0.499833 0.228394 0.018723
0 0.367650 0.521460 0.285777 0.020659
0 0.320022 0.543727 0.218064 0.023875
0 0.284444 0.564391 0.144609 0.018723
0 0.328056 0.587955 0.213472 0.021951
0 0.313136 0.609259 0.192817 0.020657
0 0.311415 0.631208 0.193958 0.020659
1 0.697040 0.459161 0.111328 0.020012
1 0.698763 0.481111 0.114774 0.018721
1 0.696469 0.501770 0.114770 0.018721
1 0.686712 0.523397 0.138876 0.019368
1 0.696467 0.545023 0.123950 0.020012
1 0.696469 0.566974 0.119362 0.021306
1 0.696467 0.588601 0.117066 0.020659
1 0.698190 0.612164 0.118212 0.020012
1 0.699911 0.634437 0.119362 0.021951
2 0.448563 0.745154 0.635825 0.027759
