3 0.479728 0.60844 0.019442 0.0208017
1 0.672209 0.60344 0.0431513 0.0221851
1 0.669698 0.5478 0.0452367 0.0225502
1 0.670136 0.575728 0.0471827 0.0231793
3 0.474505 0.579977 0.0231791 0.021737
1 0.653607 0.386932 0.0671494 0.0214053
3 0.477545 0.552432 0.0189935 0.0194838
3 0.474952 0.496136 0.0196203 0.0213875
0 0.453063 0.184552 0.334805 0.0316682
3 0.238226 0.585862 0.0270081 0.0232889
3 0.473552 0.469073 0.0176762 0.0212275
3 0.238547 0.556866 0.0287237 0.0216851
0 0.321842 0.613117 0.170871 0.0258682
3 0.238862 0.614628 0.0278021 0.0220661
