3 0.174763 0.416574 0.031123 0.025062
3 0.174115 0.444664 0.022049 0.025934
3 0.175411 0.470162 0.022049 0.021605
3 0.174763 0.496952 0.020752 0.026790
3 0.176059 0.527631 0.023345 0.025926
0 0.343941 0.418735 0.208715 0.027654
0 0.312830 0.444232 0.138715 0.021613
0 0.327737 0.469730 0.165938 0.020741
0 0.344589 0.496520 0.199641 0.022469
0 0.311534 0.521582 0.136123 0.024198
1 0.706279 0.420895 0.098530 0.023333
1 0.706927 0.445961 0.097234 0.023341
1 0.710816 0.472323 0.086863 0.022469
1 0.738692 0.497816 0.023333 0.019877
1 0.723779 0.522878 0.055752 0.023333
