0 0.302434 0.286644 0.346897 0.019788
0 0.253083 0.307615 0.256349 0.019288
0 0.305477 0.338716 0.363164 0.039067
0 0.316704 0.401144 0.395801 0.083865
0 0.273438 0.452764 0.327566 0.016394
0 0.251562 0.473500 0.279757 0.017365
0 0.186957 0.494481 0.146491 0.018808
0 0.249523 0.515942 0.283834 0.019288
0 0.260720 0.539087 0.296045 0.019288
0 0.291744 0.559337 0.360122 0.018327
3 0.573895 0.287346 0.032535 0.015423
3 0.573458 0.307976 0.026389 0.015837
3 0.569493 0.330274 0.027262 0.017087
3 0.570822 0.373409 0.022860 0.018337
3 0.568174 0.394250 0.024625 0.015000
3 0.568185 0.452812 0.031663 0.014587
3 0.566420 0.471990 0.033408 0.015442
3 0.569493 0.492615 0.032535 0.015000
3 0.568185 0.514495 0.028134 0.015413
3 0.572140 0.536375 0.021968 0.019173
3 0.571704 0.557635 0.029899 0.016673
1 0.737870 0.288183 0.147708 0.017923
1 0.737434 0.310683 0.148580 0.020423
1 0.732596 0.332774 0.156511 0.019587
1 0.740071 0.375707 0.129229 0.019587
1 0.731278 0.398212 0.148600 0.019596
1 0.729087 0.453644 0.147708 0.016250
1 0.731278 0.473442 0.155619 0.019173
1 0.731278 0.494072 0.155619 0.019587
1 0.798712 0.514716 0.044280 0.017760
1 0.796440 0.537322 0.037465 0.016683
1 0.795872 0.556697 0.036329 0.016683
