3 0.191960 0.430065 0.075690 0.021663
3 0.191296 0.459569 0.079674 0.022410
3 0.191250 0.488862 0.083785 0.020664
3 0.190102 0.514681 0.086081 0.024534
3 0.191823 0.542765 0.084931 0.022595
3 0.188954 0.571493 0.079193 0.021951
3 0.184364 0.598285 0.072305 0.022595
0 0.362830 0.434629 0.229540 0.027114
0 0.361111 0.464008 0.230686 0.026477
0 0.382342 0.491440 0.273155 0.027114
0 0.385211 0.518555 0.278893 0.023242
0 0.377179 0.545670 0.267413 0.023240
0 0.385786 0.573107 0.284627 0.022595
0 0.359961 0.601190 0.244462 0.025823
1 0.759935 0.438821 0.123950 0.026460
1 0.762806 0.466909 0.125100 0.020659
1 0.761083 0.494985 0.121654 0.025166
1 0.759362 0.521460 0.115920 0.023887
1 0.761658 0.548575 0.118212 0.025178
1 0.762806 0.576658 0.120508 0.023242
1 0.771986 0.604418 0.109032 0.024534
2 0.646905 0.747446 0.378455 0.030625
