3 0.229490 0.545206 0.035731 0.022876
3 0.226512 0.604350 0.038709 0.023992
3 0.223872 0.665078 0.039856 0.021658
3 0.220979 0.726735 0.037897 0.025825
3 0.214955 0.790003 0.037888 0.025825
0 0.336169 0.516039 0.265153 0.028518
0 0.252008 0.574378 0.103764 0.025927
0 0.324639 0.634012 0.253628 0.027659
0 0.237595 0.693643 0.091074 0.029384
0 0.387473 0.759330 0.393123 0.032842
1 0.707387 0.544560 0.092229 0.028525
1 0.708542 0.605924 0.099143 0.028518
1 0.710844 0.665558 0.092229 0.028518
1 0.706810 0.729509 0.111832 0.030250
1 0.712572 0.791306 0.088773 0.027659
2 0.624829 0.861096 0.277455 0.038999
