3 0.109682 0.445910 0.027002 0.028997
3 0.106684 0.485907 0.032998 0.030995
3 0.101429 0.527407 0.028507 0.030000
3 0.097679 0.569904 0.032998 0.033002
3 0.090932 0.612396 0.028507 0.029992
0 0.217674 0.446408 0.146991 0.034005
0 0.348171 0.488407 0.413981 0.038002
0 0.344421 0.530903 0.427477 0.038997
0 0.363171 0.573403 0.467986 0.036003
0 0.344421 0.612400 0.436481 0.033997
1 0.791406 0.455907 0.151493 0.033002
1 0.795156 0.494907 0.143993 0.028997
1 0.792911 0.535405 0.145498 0.035995
1 0.801157 0.575903 0.144005 0.035000
1 0.801910 0.614900 0.148495 0.035000
2 0.493669 0.847396 0.791968 0.075995
