1 0.647182 0.562094 0.083302 0.028922
0 0.256891 0.406480 0.209802 0.037023
0 0.250719 0.470691 0.200542 0.031242
0 0.258432 0.503664 0.219052 0.027766
0 0.256891 0.569039 0.209802 0.024297
0 0.259974 0.636141 0.215969 0.028922
0 0.261516 0.670273 0.222135 0.032391
3 0.435839 0.408789 0.018510 0.023141
3 0.438151 0.470113 0.016969 0.020820
3 0.440464 0.502508 0.027760 0.025453
3 0.439693 0.564406 0.023135 0.026609
3 0.440464 0.629777 0.021594 0.025461
3 0.445094 0.661594 0.024687 0.024297
1 0.637151 0.404164 0.084844 0.030078
1 0.637922 0.465484 0.083302 0.030078
1 0.644865 0.498461 0.087937 0.026609
1 0.645635 0.624570 0.092563 0.024297
1 0.666464 0.657547 0.047823 0.027766
