1 0.672474 0.603918 0.047240 0.020742
1 0.664984 0.574535 0.057615 0.020742
1 0.667865 0.545148 0.044937 0.024203
1 0.656344 0.492430 0.070292 0.022469
1 0.652307 0.464777 0.064531 0.020742
1 0.645969 0.439277 0.081812 0.021602
1 0.654599 0.388289 0.073719 0.025062
3 0.478885 0.609102 0.021896 0.022469
3 0.473698 0.579723 0.029958 0.020742
3 0.476578 0.553348 0.017281 0.021586
3 0.474849 0.496754 0.025344 0.020742
3 0.474271 0.469098 0.021896 0.020742
3 0.471969 0.443168 0.021896 0.020742
3 0.470245 0.392176 0.027656 0.022477
0 0.312370 0.612129 0.184365 0.023336
0 0.312370 0.585770 0.184365 0.025930
0 0.314094 0.558113 0.180917 0.025930
0 0.314672 0.501074 0.179760 0.024195
0 0.316979 0.473848 0.184375 0.023336
0 0.313521 0.446191 0.182062 0.021602
0 0.312943 0.392176 0.183219 0.022477
